{
	room_width:10
	room_height:7
	marker:[
		{
			id:1
			name:MARKER_1
			type:1
			x:1.7130307467057102
			y:1.3580729166666667
			width:3.0307467057101025
			height:2.4973958333333335
		},
		{
			id:2
			name:BEACON_2
			type:2
			x:1.903367496339678
			y:4.557291666666667
			width:1.1786237188872621
			height:0.8385416666666667
		},
		{
			id:3
			name:MARKER_3
			type:1
			x:5.2269399707174236
			y:2.1875
			width:1.6691068814055638
			height:2.0325520833333335
		},
		{
			id:4
			name:MARKER_4
			type:1
			x:6.215226939970718
			y:4.557291666666667
			width:0.0
			height:0.0
		},
		{
			id:5
			name:MARKER_5
			type:1
			x:5.863836017569546
			y:2.8255208333333335
			width:0.0
			height:0.0
		}
	]
}